X = np.array([[255,1,1,2,1,1,1,2,2,2,1,1,1,1,2,2],
             [3,1,3,3,1,1,1,3,3,3,1,3,1,1,3,1],
             [3,1,3,3.1,1,1,1,3,3,3,1,3,1,1,3,1],
             [255,1,1,2,1,1,1,2,2,2,1,1,1,1,2,2.1],
             [3,1,3,3,1,1,1,3.1,3,3,1,3,1,1,3,1],
             [255,1,1,2,1,1,1,2,2,2,1,1,1.1,1,2,2],
             [3,1,3,3,1,1,1.1,3,3,3,1,3,1,1,3,1],
             [3,1,3,3,1,1,1,3,3,3,1,3,1,1,3,1],
             [255,1,1,2,1,1,1,2,2,2,1,1.1,1,1,2,2],
             [3,1,3,3,1,1,1,3,3,3,1,3,1,1.1,3,1]])

f = np.array((1,0,0,1,0,1,0,0,1,0))
